84.616 77.243 -81.764 28.221 -50.328 -15.145 -74.346 53.505 -69.719 -20.995 -9.493 -34.159 17.483 -19.867 69.620 61.490 34.770 99.505 66.802
-38.766 -22.103 87.271 -66.304 45.304 -8.350 7.228 0.987 97.901 33.339 -90.311 -45.685 -97.884 88.509 19.301 -11.071 13.777 -19.543
58.219 -84.026 59.049 -19.341 -77.323 15.424 -91.773 78.062 -95.155 -91.049 4.543 -50.521 21.226 31.901 63.572 5.574 -1.255 26.055 -86.273
-73.642 -82.767 -39.173 36.894 -10.747 36.513 -98.737 -46.636 -3.337 98.541 43.870 -31.197 -15.980 -99.933
100.017 70.366 76.017 34.517 -14.506 -90.519 -15.866 -69.073 84.333 -92.559 -78.180 -86.102 65.629 -45.237 -12.906
16.802 -15.625 72.223 75.506 38.348 57.406 -57.423 -90.054 -55.533 -29.597 -2.668 12.387
-39.279 83.356 78.735 -79.557 81.837 25.817 6.056 -20.757 -2.032 -62.202 -4.171 5.523 -8.257 -17.201 -83.899 64.451 -20.246 -59.943
-97.155 -98.030 89.921 69.369 -83.386 12.465 90.653 97.572 99.211 -77.458
-12.202 33.285 90.345 52.929 43.615 -94.526 91.667 -8.891 -55.578 77.575 -80.658
-56.041 -72.671 -11.593 60.549 -37.911 98.564 -95.426 -2.986 -62.199 -52.791 -91.105 50.999 -31.545 39.676 -22.277 -6.682 -73.422
25.793 39.723 -10.325 -29.002 -33.681 64.347 -19.453 -86.773 15.473 82.470 -34.166 30.961 -20.872 70.366 -0.147 56.766 -45.257 -10.331 39.595 7.195
-2.463 -28.393 -57.826 -67.989 -52.421 -30.911 -60.508 -26.672 -79.312 -12.084 -81.277
30.538 -10.228 34.595 -21.538 -39.235 27.309 -35.458 82.773 27.244 -98.689 94.657 46.457 51.895 -91.951 58.770 -42.583 58.256 -95.545
91.903 -57.377 -4.269 82.299 11.164 18.319 -51.051 32.088 79.617 -52.076 48.404 -89.290 25.963 48.349 46.355 77.168 4.079
30.286 27.376 30.583 -24.407 -77.208 -81.886 -76.446 -33.032 -45.931 -53.495 -91.590 8.153 -26.988 7.168 -66.389 1.714 -31.104 14.396 8.195 -98.351
-61.708 36.701 -57.348 31.253 60.184 -87.969 -55.296 -56.054 -19.632 91.003
-55.535 62.463 -33.689 -92.187 67.825 -23.081 -6.949 8.368 -4.383 -94.233 63.205 -90.880 11.483 9.893
82.715 -60.765 93.176 -49.673 -69.251 8.340 -20.625 -100.574 35.897 -18.635 88.944 98.914 -36.952 11.417 50.627 -1.368
-75.686 12.612 53.316 82.933 15.595 -55.115 -0.744 96.665 -18.099 -68.587 -61.361 -74.310 26.754 -34.768 25.051 76.499 -51.023
83.875 86.824 9.897 86.374 -100.664 94.938 1.646 -100.282 -41.041 57.546 94.998 17.752 -23.848 13.072 25.867 -56.982 -67.538 14.983 -67.784
