4 3 3 5 7
3 20 30 40
91 5298 8328 3385 8898 3293 2739 5950 5795 5115 3933 7011 717 4112 2095 9982 3001 2096 8003 4359 2243 7971 4903 1859 4191 2018 7802 47 2387 4523 4655 9437 9573 1015 4787 3261 9247 5364 5516 2298 8806 7264 5858 5326 6583 473 5787 2758 3148 2335 8507 5622 331 6468 8692 7761 7764 5635 9987 675 1157 8965 2178 6457 4591 5052 5292 8089 2942 6120 4342 5732 9227 9952 5492 359 3781 7465 6212 1989 6525 8431 7519 424 7369 1962 2467 6929 2073 2172 3767 1164
8 3678 6532 672 147 7225 9173 1304 7068
4 3 3 5 9
18 6059 908 9514 2927 6263 6227 2880 1092 5081 5725 4586 4396 2501 8592 2474 3901 8662 3996
84 1409 3282 183 8323 7384 6172 9376 2357 2590 6260 1303 459 5985 8393 3753 2385 5388 605 5522 5404 5596 3572 5618 4398 8375 1172 1273 7534 136 5667 9385 1204 1037 7233 8118 3185 8742 4582 7122 8427 6236 5234 189 6600 7181 2368 8926 1090 640 55 9361 9742 5554 8938 9924 1956 1170 9044 7006 760 5616 4334 846 6982 1579 634 9250 3204 786 7549 3729 389 6943 2786 1971 9705 796 9769 3651 1350 9981 4503 414 6850
9 9002 9996 1077 6482 3791 425 8834 6595 9374
3 20 31 40
69 9017 5288 8826 9965 4328 4059 3494 2171 3488 9125 2242 8474 3444 1886 9044 911 964 1700 6023 138 4306 8448 4260 5933 6837 908 6985 3151 1224 5006 9715 6620 6890 6450 6135 7796 6618 422 6800 7422 1287 943 8856 2853 677 6123 4235 1991 4419 7631 4503 230 2562 7577 8190 1129 5677 1946 665 5451 8108 9024 739 1269 6241 6302 6883 1901 6651
3 4749 2860 3067
67 6438 4833 9876 8082 8498 1000 5649 7506 4763 6722 1696 2092 4763 9440 3761 4260 936 4214 6691 2238 5532 3030 4347 5212 1936 6723 5006 9620 6437 5617 6791 1594 8885 2386 7473 8215 3332 2665 1057 1651 8252 5530 5395 772 2307 7087 4255 9687 7125 1022 8699 3188 3102 4289 8385 7743 6433 9674 2133 7779 4487 2596 2950 8945 9126 8494 8900
