3, 7, 31, 127
3, 7, 31, 127
3, 7, 31, 127
3, 7, 31, 127
3, 7, 31, 127
3, 7, 31, 127
3
3, 7, 31, 127
3, 7, 31, 127
3, 7, 31, 127
3, 7, 31, 127
3, 7, 31, 127
3, 7, 31, 127
3, 7, 31, 127
3, 7, 31, 127
3, 7, 31, 127
3, 7
3, 7, 31, 127
3, 7, 31, 127
3, 7, 31, 1273, 7, 31, 127
3, 7, 31, 127
3, 7, 31, 127
3, 7, 31, 127
3, 7, 31, 127
3, 7, 31, 127
3
3, 7, 31, 127
3, 7, 31, 127
3, 7, 31, 127
3, 7, 31, 127
3, 7, 31, 127
3, 7, 31, 127
3, 7, 31, 127
3, 7, 31, 127
3, 7, 31, 127
3, 7
3, 7, 31, 127
3, 7, 31, 127
3, 7, 31, 127
3, 7, 31, 127, 8191, 1310713, 7, 31, 127
3, 7, 31, 127
3, 7, 31, 127
3, 7, 31, 127
3, 7, 31, 127
3, 7, 31, 127
3
3, 7, 31, 127
3, 7, 31, 127
3, 7, 31, 127
3, 7, 31, 127
3, 7, 31, 127
3, 7, 31, 127
3, 7, 31, 127
3, 7, 31, 127
3, 7, 31, 127
3, 7
3, 7, 31, 127
3, 7, 31, 127
3, 7, 31, 127
3, 7, 31, 127, 8191, 131071